49
19
84
80
5
45
86
35
40
21
81
83
62
68
28
84
10
2
56
95
15
46
65
16
4
61
55
39
82
78
73
73
49
63
98
73
67
43
10
29
19
24
21
82
66
38
51
0
75
58
81
58
69
28
52
85
51
54
64
89
90
79
68
55
12
4
43
96
19
30
33
89
15
63
88
9
43
40
52
9
35
62
85
27
12
24
1
31
98
19
75
77
68
11
96
41
56
42
85
14
50
58
33
24
14
17
14
45
23
10
85
80
93
15
54
93
82
47
65
72
59
47
56
46
8
5
63
67
30
2
13
15
23
73
78
44
0
40
28
21
30
30
98
68
23
97
43
93
59
5
74
29
12
44
53
12
31
46
73
13
7
60
61
76
74
69
82
7
82
92
21
29
19
69
3
61
32
90
34
55
88
6
30
53
53
33
64
83
28
11
85
27
97
87
20
34
22
9
62
4
16
66
62
21
65
43
45
35
58
67
50
78
86
88
45
53
79
77
92
52
7
36
62
92
52
39
18
19
51
16
46
19
72
60
11
28
61
41
0
72
55
0
85
80
58
99
9
3
90
45
90
23
22
29
92
91
66
7
61
44
20
20
78
43
4
12
63
88
74
22
52
86
52
73
85
21
98
96
47
13
2
78
2
63
91
0
37
98
26
13
15
82
61
89
63
66
18
6
84
40
36
3
67
94
13
4
33
27
100
33
17
34
99
12
13
4
38
95
75
89
64
66
39
18
37
45
55
18
76
89
90
68
81
20
2
55
30
22
10
97
62
31
17
53
6
40
89
78
99
63
60
48
26
28
3
99
77
93
7
97
90
3
17
12
65
36
22
72
31
99
28
55
73
64
0
13
13
69
63
92
37
54
42
87
32
4
18
99
53
50
67
16
90
8
82
86
47
1
98
28
2
17
46
38
8
1
85
78
18
12
71
25
87
79
5
1
53
28
100
13
55
76
11
70
83
96
47
38
56
51
7
81
10
58
70
12
3
32
18
66
50
92
45
97
38
2
8
24
98
51
17
6
2
11
54
55
59
54
86
76
30
30
42
95
5
43
76
66
85
18
78
80
56
77
8
52
50
23
19
38
6
36
84
43
31
68
86
14
97
78
57
12
86
8
12
81
77
35
25
68
29
16
38
64
31
9
54
70
56
24
71
81
20
33
74
0
88
53
6
86
86
31
41
99
59
98
8
69
22
30
78
9
45
43
48
100
8
10
86
43
95
75
45
16
99
77
21
86
49
3
14
49
66
57
64
3
8
39
31
39
45
72
75
38
15
5
35
2
65
37
35
33
89
88
95
77
11
64
48
29
6
45
31
38
39
50
24
18
0
60
48
27
87
72
10
71
38
1
67
7
35
16
31
3
38
73
46
99
20
61
0
30
19
98
9
42
72
84
96
61
75
94
95
97
68
5
32
82
8
10
6
36
58
83
2
27
84
97
55
23
34
32
68
47
11
55
2
7
22
44
7
8
58
59
72
71
28
21
83
32
6
15
92
49
45
60
75
25
63
89
50
42
56
84
83
43
60
13
96
0
1
18
26
64
75
42
47
36
56
2
16
26
81
26
96
37
84
35
24
5
25
82
77
80
23
51
71
56
19
25
83
46
59
41
67
30
57
89
81
88
65
26
67
94
69
84
94
32
17
2
34
57
61
1
52
26
64
1
76
8
83
45
53
72
55
21
38
1
83
80
47
38
58
1
41
67
93
10
30
25
28
61
25
41
33
3
43
45
77
21
93
45
77
9
55
63
83
4
66
36
74
83
84
16
41
56
30
22
8
94
53
24
54
51
4
19
55
89
83
99
71
46
49
43
16
15
69
97
76
27
15
58
64
93
10
8
17
71
75
40
63
88
27
62
52
69
33
43
93
53
21
2
91
43
87
100
89
100
57
84
39
28
4
53
71
33
95
68
8
28
67
97
49
27
39
64
90
65
44
37
67
69
39
22
23
11
54
39
73
56
88
44
82
80
51
66
86
32
74
47
2
0
58
17
40
37
34
21
64
96
56
100
46
95
70
34
92
96
16
43
100
73
89
0
46
9
55
70
63
46
82
6
52
12
37
95
70
9
97
36
6
20
92
64
19
6
12
46
71
6
87
48
11
6
61
26
97
35
77
17
17
90
58
29
63
16
34
37
14
0
68
100
54
61
27
6
62
58
25
8
87
4
82
95
92
2
69
93
54
94
45
31
11
7
13
42
87
31
36
91
86
60
51
79
30
22
6
20
61
52
4
87
91
69
76
100
57
50
88
92
